Year  Mon  Ver  TotalArc  Okhotsk   Bering   Hudson   Baffin  Grnland  BarKara  ArctOcn  CanArch   StLawr
1978   11  v01  12057952    50334    55046  1117017   792303   669170  1506325  7091630   750859    19385
1978   12  v01  14166548   768128   302831  1233463   952209   954102  1895710  7158209   750859    39504
1979    1  v01  15580361  1412760   350852  1233463  1114737  1084505  2056824  7158209   750859   164679
1979    2  v01  16348087  1502094   572440  1233463  1219210  1130897  2171230  7158209   750859   266102
1979    3  v01  16492179  1596137   696228  1233463  1312683  1079564  2159697  7158209   750859   230914
1979    4  v01  15528329  1391146   465047  1233463  1135469   961234  2177844  7158209   750859    65096
1979    5  v01  14105063   607112   245247  1233463   983226   832668  2149576  7158209   750859    48350
1979    6  v01  12658686    84704    28739  1190839   820315   748614  1939050  7084556   750859    11006
1979    7  v01  10523684        0     3008   437598   545049   551913  1327623  6919147   739343        0
1979    8  v01   8183628        0        0   141300   135600   336994   516062  6374454   679214        0
1979    9  v01   7229036        0        0    36408    70372   291250   182664  6004351   643989        0
1979   10  v01   9414238    28765     9052   151218   257125   402196   992625  6822394   750859        0
1979   11  v01  11198676   102463    87726   538397   671187   525165  1379387  7116872   750859    18891
1979   12  v01  13590375   561428   454231  1233463   969995   650133  1697658  7158209   750859    42092
1980    1  v01  15026240  1077493   687786  1233463  1135336   821539  1905774  7158209   750859   103388
1980    2  v01  16038285  1433712   837943  1233463  1225782   968614  1959193  7158209   750859   218796
1980    3  v01  16183189  1459242   861312  1233463  1306363   981071  1935025  7158209   750859   249258
1980    4  v01  15525442  1307021   762511  1233463  1228928   901092  1918804  7158209   750859    76021
1980    5  v01  14093886   747452   492053  1233463  1039805   752158  1803853  7158209   750859    40196
1980    6  v01  12375560   141117    58431  1171906   818359   677380  1618216  7135093   750859     4196
1980    7  v01  10434531        0     3008   445119   554669   528148  1316785  6851289   735509        0
1980    8  v01   8078713        0        0   112692   107843   402714   729576  6116431   609455        0
1980    9  v01   7868414        0        0    15311    57334   418076   585314  6178833   613543        0
1980   10  v01   9482141    22530     8441    67073   280998   527889   986175  6913292   675740        0
1980   11  v01  11735579    52067   107890   688902   618994   749785  1574121  7153308   750859    20472
1980   12  v01  13770020   270850   506818  1233463   901954   934051  1873305  7158209   750859    53207
1981    1  v01  15071051   853859   695160  1233463  1166263  1042539  1890043  7158209   750859   158670
1981    2  v01  15705357  1239709   783407  1233463  1291604   950197  1863780  7158209   750859   224598
1981    3  v01  15668344  1332015   793005  1233463  1118365   946687  2062491  7158209   750859    58250
1981    4  v01  15181103  1069414   561577  1233463  1170623   907544  2116366  7158209   750859    43203
1981    5  v01  13938255   269959   291688  1233463  1058068   927979  2127566  7158209   750859    43694
1981    6  v01  12625007    62803    33571  1186256   805656   866732  1861621  7075826   728340     4199
1981    7  v01  10670579        0     3008   650408   435861   735013  1339794  6839976   666515        0
1981    8  v01   7885443        0        0    39252    70502   520928   722299  6008318   524142        0
1981    9  v01   7265192        0        0    11005    63327   405876   557780  5808472   418730        0
1981   10  v01   9209535    27680     5449    33001   140318   587511   848179  6875428   691965        0
1981   11  v01  11218693    54358   181296   396992   678519   721811  1240631  7158209   750859    27087
1981   12  v01  13794048   384366   431572  1232923   909181   992825  1804320  7158209   750859    31901
1982    1  v01  15315689   978566   561044  1233463  1108568  1123277  2052300  7158209   750859    80174
1982    2  v01  16098921  1226534   622733  1233463  1440932  1107296  2087344  7158209   750859   222677
1982    3  v01  16208177  1328387   651534  1233463  1503784  1072573  2052794  7158209   750859   265129
1982    4  v01  15610477  1121346   640794  1233463  1369514  1059355  2047060  7158209   750859    81332
1982    5  v01  14199005   513695   453890  1233463  1228136   856000  1880903  7158209   750859    52212
1982    6  v01  12751227    74070    52358  1232358  1004014   767940  1762573  7102561   749579     5768
1982    7  v01  10807251        0     3008   707876   577600   685846  1365561  6736980   730377        0
1982    8  v01   8297619        0        0   101414   138380   418368   699384  6338478   601594        0
1982    9  v01   7468606        0        0    16573   103568   450623   520583  5771438   605819        0
1982   10  v01  10012261    25338    13230   109318   402887   529638  1285596  6895391   750859        0
1982   11  v01  11972538    60534    95876   897343   781943   654076  1561990  7138573   750859    26039
1982   12  v01  13877743   669108   347556  1233463  1209585   825080  1591413  7158209   750859    34458
1983    1  v01  15146591  1000295   688895  1233463  1605085   845112  1665386  7158209   750859   108415
1983    2  v01  16075312  1382978   795697  1233463  1679312   985152  1749464  7158209   750859   181805
1983    3  v01  16152999  1393035   824541  1233463  1745653   954387  1755221  7158209   750859   169500
1983    4  v01  15352433  1008300   732415  1233463  1651824   828782  1808639  7158209   750859    78327
1983    5  v01  13581297   220838   331624  1233463  1337127   766080  1686165  7158209   750859    40594
1983    6  v01  12391464    85661    41548  1228887  1008241   688263  1439005  7148153   746458     5245
1983    7  v01  10946472        0     3008   951211   706301   528136  1051594  6960441   745778        0
1983    8  v01   8394205        0        0   216924   292213   391493   564384  6304209   624979        0
1983    9  v01   7552621        0        0   117724   155014   387002   256019  6185771   451089        0
1983   10  v01   9668026    30489    24617   175439   440077   506182   694222  7047375   749623        0
1983   11  v01  11691632    43380   212204   583700   827645   674405  1396601  7158209   750859    29660
1983   12  v01  13502693   303062   267506  1233463  1153865   779507  1715936  7158209   750859    38979
1984    1  v01  14659375   633583   466103  1233463  1688642   711268  1718604  7158209   750859   173833
1984    2  v01  15379453   853257   857213  1233463  1772204   706815  1626036  7158209   750859   231902
1984    3  v01  15685784   909372   947727  1233463  1682932   798488  1752515  7158209   750859   234892
1984    4  v01  15198913   812094   860944  1233463  1556075   732596  1848178  7158209   750859   103105
1984    5  v01  13719972   189014   570041  1233463  1371662   726161  1598573  7158209   750859    51236
1984    6  v01  12258852    90235    37202  1169544  1014894   695365  1372447  7130609   743829     4722
1984    7  v01  10217122        0     3008   645049   591005   543935   786630  6920729   726763        0
1984    8  v01   7929243        0        0   131464   103473   303244   365056  6447503   578500        0
1984    9  v01   7195860        0        0    18330    69080   343648   178446  6084377   501976        0
1984   10  v01   8862037    24220     6639    56997   209905   441346   652984  6725952   743991        0
1984   11  v01  11328798    77000    74784   793790   683364   565367  1250232  7106141   750859    21973
1984   12  v01  13226855   536273   297773  1233463  1196668   565396  1435852  7109649   750859    36363
1985    1  v01  14920116  1060187   433480  1233463  1422160   700870  1729029  7137209   750859   213624
1985    2  v01  15711019  1221205   591196  1233463  1454562   815357  1851777  7151639   750859   269032
1985    3  v01  16101474  1270344   789867  1233463  1582759   908837  1813581  7158209   750859   281454
1985    4  v01  15390829   794905   803222  1233463  1382985   979072  1956647  7158209   750859   122539
1985    5  v01  14271104   495428   577738  1233463  1220517   817490  1837205  7158209   750859    60248
1985    6  v01  12446920   133596   114587  1181907   890887   702298  1536315  7141525   742655     3147
1985    7  v01  10160202        0     3008   666384   330986   438178   993703  7025964   701976        0
1985    8  v01   7504589        0        0    89380    56597   171133   288220  6355913   543343        0
1985    9  v01   6949540        0        0    10990    53728   194792   128482  6119375   442172        0
1985   10  v01   8908831    24763    15583    41485   162931   435040   455799  7022368   750859        0
1985   11  v01  11433264    44800   102203   799627   636640   599759  1297224  7158209   750859    33195
1985   12  v01  13253127   360494   216803  1233463   797464   864268  1707048  7158209   750859    55667
1986    1  v01  15064621   924989   589448  1233463  1148501   999654  1839847  7158209   750859   218765
1986    2  v01  15935376  1265102   670593  1233463  1295524  1053139  1915527  7158209   750859   272093
1986    3  v01  16135304  1268141   822094  1233463  1403593  1034717  1893500  7158209   750859   278491
1986    4  v01  15208706   892828   698132  1233463  1191982  1073528  1929165  7158209   750859   129115
1986    5  v01  13560865   213863   367286  1233463   978306   877436  1851239  7158209   750859    54341
1986    6  v01  12146593    77013    24680  1191348   781366   736418  1558881  7024446   750859     1580
1986    7  v01  10496896        0     3008   633403   553860   531257  1214120  6851956   709289        0
1986    8  v01   8044784        0        0   116112   245952   330813   590365  6092877   668664        0
1986    9  v01   7567689        0        0    36955    59052   348986   509215  6028489   584990        0
1986   10  v01   9915522    22998     6042   212433   546791   473188   943727  6959482   750859        0
1986   11  v01  11817051    49497    51217  1231857   802971   567093  1261652  7075346   750859    19423
1986   12  v01  13463081   350148   329873  1233463  1129765   683969  1671639  7158209   750859    53440
1987    1  v01  15248449  1057991   585336  1233463  1285824   885623  1818889  7151646   750859   187920
1987    2  v01  16165293  1303376   708624  1233463  1418658  1039383  1989282  7158209   750859   257227
1987    3  v01  15984805  1094117   704122  1233463  1339139  1001321  1997710  7158209   750859   269559
1987    4  v01  15370622   888519   657408  1233463  1360917   880367  2076610  7158209   750859   135327
1987    5  v01  13857681   252948   491086  1233463  1117594   820401  1908397  7158209   750859    40586
1987    6  v01  12613437    91886    81582  1211453   974180   749284  1625848  7126243   750859     2100
1987    7  v01  10817406        0     1204   847360   596119   550109  1317619  6762954   742038        0
1987    8  v01   7716841        0        0   154651    92535   451705   500322  5892216   625409        0
1987    9  v01   7522714        0        0    63250    57257   450724   309674  6098155   543651        0
1987   10  v01   9326539    20251     7771    91959   342209   553275  1020486  6626640   663944        0
1987   11  v01  11607892    56842   107109   706877   654821   750991  1399639  7143485   750859    30725
1988    1  v01  15156853  1065752   567932  1233463  1243655  1046440  1822979  7158209   750859   175119
1988    2  v01  15679056  1214911   692106  1233463  1370233  1003378  1875141  7158209   750859   246262
1988    3  v01  16195321  1397653   855586  1233463  1369212  1124028  1871173  7158209   750859   267491
1988    4  v01  15285367   824996   868160  1233463  1190150  1074373  1949577  7158209   750859   124254
1988    5  v01  13758052   338689   336733  1233463  1099798   899203  1838331  7158209   750859    60020
1988    6  v01  12109038    79332    37145  1158739   831121   791840  1492166  7018502   695479     4709
1988    7  v01  10116410        0     1806   586986   436351   537398  1122362  6785371   646133        0
1988    8  v01   7985436        0        0   112549   125154   409998   559264  6241491   536976        0
1988    9  v01   7538067        0        0    11034    34522   420875   505960  6149016   416659        0
1988   10  v01   9505856    16259     7795    43496    88794   566568  1171332  6954449   657159        0
1988   11  v01  11747121    40949   220705   420849   673185   812739  1627033  7158209   750859    34815
1988   12  v01  13874786   165617   576270  1233463   957717  1090971  1800066  7158209   750859    53361
1989    1  v01  15188846   763398   762792  1233463  1200383  1087790  1930802  7158209   750859   214266
1989    2  v01  15644149  1151002   583180  1233463  1449740  1065794  1905257  7158209   750859   268040
1989    3  v01  15592586  1081530   616611  1233463  1498076  1067617  1827492  7158209   750859   287678
1989    4  v01  14509045   660078   476740  1233463  1441877   872622  1736050  7158209   750859   119903
1989    5  v01  13053411   196963   190303  1233463  1086700   828962  1518390  7156895   750859    60699
1989    6  v01  12367971    71105    39608  1187908   933617   848730  1456152  7074985   749579     6282
1989    7  v01  10466139        0     1806   607827   503068   698469  1104305  6825152   725510        0
1989    8  v01   7995213        0        0   149611   121846   486828   711972  5985938   539014        0
1989    9  v01   7088553        0        0    18364    77375   451299   608916  5495588   437008        0
1989   10  v01   9543448    19088     8907   148723   332098   519897  1001025  6805906   707801        0
1989   11  v01  11580527    48202   112496   855277   668810   702097  1270834  7130861   750859    36359
1989   12  v01  13563308   301440   365640  1233463  1023424   961555  1631784  7158209   750859    85535
1990    1  v01  15021170   817529   663673  1233463  1378264   897961  1770272  7149677   750859   258918
1990    2  v01  15638750  1190365   819988  1233463  1608804   773446  1729430  7148358   750859   287077
1990    3  v01  15964852  1189823   859764  1233463  1673484   887713  1831170  7158209   750859   300663
1990    4  v01  14765903   633321   717340  1233463  1483808   869124  1732859  7158209   750859   133300
1990    5  v01  13363267   165810   419364  1233463  1289023   829530  1463288  7121885   750859    67669
1990    6  v01  11766800    57752    28179  1084441   985057   770965  1268269  6830815   738710     2610
1990    7  v01   9684870        0     2407   758852   568757   557969   810840  6271371   714670        0
1990    8  v01   6873038        0        0   150921    54468   342117   554966  5205325   565238        0
1990    9  v01   6282676        0        0    62299    65048   194674   415544  5032094   513015        0
1990   10  v01   9379898    22432     8362   249479   426157   457148   870959  6646827   698531        0
1990   11  v01  11376855    48653    81697   551365   737051   595181  1446650  7126851   750859    33794
1990   12  v01  13361582   287365   400741  1233463  1137985   703539  1584816  7158209   750859    64609
1991    1  v01  14544294   560362   663952  1233463  1488441   697987  1699210  7157552   750859   237092
1991    2  v01  15332824   737602   902510  1233463  1632861   829106  1692021  7158209   750859   272867
1991    3  v01  15565129   952708   823208  1233463  1599215   865998  1803009  7158209   750859   271313
1991    4  v01  15007720   828994   775642  1233463  1461049   817785  1762820  7158209   750859   151359
1991    5  v01  13579071   179052   455072  1233463  1287668   739625  1710601  7155692   748342    48956
1991    6  v01  12290765    80141    40956  1212378  1000342   690342  1432427  7097861   727928     8386
1991    7  v01   9764839        0     1806   337011   573538   448179  1012864  6680083   711356        0
1991    8  v01   7455647        0        0   129729    69554   219841   629229  5825296   581996        0
1991    9  v01   6597167        0        0    30167    54127   203390   314958  5494300   500223        0
1991   10  v01   9186442    22941     8370    73736   201223   429236   951358  6748716   750859        0
1991   11  v01  11180241    43787    74021   602175   699301   615509  1376851  6979209   750859    33797
1991   12  v01  13206967   252985   433230  1233463  1037978   733394  1528645  7158209   750859    50624
1992    1  v01  14815054   877945   676595  1233463  1340549   862506  1652849  7158209   750859   216751
1992    2  v01  15581703  1135180   745354  1233463  1580945   893960  1749635  7158209   750859   264006
1992    3  v01  15579119  1084732   912523  1233463  1552917   875056  1660381  7158209   750859   292615
1992    4  v01  14768267   656735   786059  1233463  1326420   884090  1719084  7158209   750859   193358
1992    5  v01  13315775   215912   490340  1233463  1274678   796843  1318029  7157552   750859    62365
1992    6  v01  12199705    65086    81140  1222892   945768   812306  1257962  7097997   713925     2625
1992    7  v01  10700575        0     2407   988921   595649   669120  1014722  6742027   687726        0
1992    8  v01   7955863        0        0   271008   168381   483341   471011  5919770   642349        0
1992    9  v01   7599192        0        0    24504    93361   443135   401070  6078994   558125        0
1992   10  v01   9633000    19728    12577    49020   145062   543338  1183255  6929157   750859        0
1992   11  v01  11927008    58686   165230   937673   760611   616951  1433218  7158209   750859    31758
1992   12  v01  13534448   427698   535723  1233463  1137490   651036  1555964  7158209   750859    51166
1993    1  v01  15162779   915291   701067  1233463  1643528   797656  1668859  7158209   750859   217764
1993    2  v01  15818009  1166355   776455  1233463  1783849   877385  1708769  7158209   750859   274831
1993    3  v01  15949468  1212799   765306  1233463  1792912   825623  1813030  7158209   750859   278259
1993    4  v01  15264724   892475   650493  1233463  1679831   743441  1847464  7158209   750859   224231
1993    5  v01  13600566   220570   302672  1232323  1429275   740278  1678614  7158209   750859    57756
1993    6  v01  12064944    67312    26864  1166243   922306   725473  1502395  6941552   711223     1573
1993    7  v01   9737593        0     2407   318186   606432   613894   996189  6521919   678562        0
1993    8  v01   7390781        0        0   125515   188685   437258   540667  5521172   577481        0
1993    9  v01   6549761        0        0    40024    83691   410494   352820  5206380   456350        0
1993   10  v01   9229891    17927     9580    45680   280297   526430  1144136  6545598   660239        0
1993   11  v01  11792175    50020    43111  1006303   778506   587172  1477417  7063230   750859    30217
1993   12  v01  13583603   489041   450515  1233463  1081733   668285  1627077  7158209   750859    59743
1994    1  v01  14899585   936930   636227  1233463  1341820   686795  1819097  7158209   750859   231944
1994    2  v01  15675847  1131475   630697  1233463  1668166   716922  1890179  7158209   750859   280291
1994    3  v01  15661991   938923   855962  1233463  1582787   751754  1877836  7158209   750859   302563
1994    4  v01  15039402   738739   805989  1233463  1446864   705482  1846940  7158209   750859   228190
1994    5  v01  13819281   329181   619217  1231076  1148979   698847  1787810  7158209   750859    72090
1994    6  v01  12163937   155644    45564  1171000   795408   655588  1477521  7149036   709972     4199
1994    7  v01  10299816        0     2407   690235   476395   508185   971516  6961154   689922        0
1994    8  v01   7697584        0        0    83871    78828   414035   341077  6277339   502432        0
1994    9  v01   7248827        0        0    18940    57782   425725   215636  6046637   484105        0
1994   10  v01   9514609    20274    16774    47684   272736   579943   909759  7025074   642361        0
1994   11  v01  11363623    63994   230416   316972   614000   688459  1505391  7158209   750859    31772
1994   12  v01  13607287   511426   634520  1231311   973164   682348  1584846  7158209   750859    46593
1995    1  v01  14705013   921145   792484  1233463  1238514   708995  1680122  7158209   750859   134635
1995    2  v01  15335100  1057292   927087  1233463  1394517   759054  1676899  7158209   750859   255985
1995    3  v01  15400472  1052614   883571  1233463  1482322   788135  1684575  7158209   750859   263437
1995    4  v01  14676721   867213   860134  1233463  1346720   821566  1383725  7158209   750859   196963
1995    5  v01  13216527   334235   395517  1228223  1049803   852337  1358428  7158209   750859    57273
1995    6  v01  11660433    83962    42182  1078787   758704   797933  1146929  7029912   718875     3145
1995    7  v01   9225562        0     2407   373145   515466   558191   545889  6574771   655690        0
1995    8  v01   6750094        0        0    92583    86194   458798   120793  5443153   548570        0
1995    9  v01   6189359        0        0    16492    77348   456145    53919  5078449   507004        0
1995   10  v01   8968158    17992     8393    50209   383344   503936   697463  6611672   695146        0
1995   11  v01  11055934    50846    63879   605521   564987   674867  1408280  6898165   750859    30770
1995   12  v01  13083087   155290   327257  1231727   852722   814037  1674121  7158209   750859    52732
1996    1  v01  14308358   537085   546966  1233463  1220698   843349  1741039  7158209   750859   131373
1996    2  v01  15272798   863516   640163  1233463  1348805   898813  1888101  7158209   750859   238852
1996    3  v01  15212885  1070112   550526  1233463  1287826   911815  1781403  7158209   750859   250232
1996    4  v01  14322393   535303   506070  1233463  1142678   958827  1816498  7158209   750859    76313
1996    5  v01  13141638   162218   146745  1219395   984473   922208  1694200  7158209   750859    44316
1996    6  v01  12172905    66433    45589  1151885   898192   757181  1479829  7022458   747659     3675
1996    7  v01  10458795        0     2407   645575   671208   557148  1085002  6831063   666388        0
1996    8  v01   8286954        0        0   101348   297382   237986   580509  6519473   550254        0
1996    9  v01   7919120        0        0    15960   171808   259009   506331  6463498   502512        0
1996   10  v01   9412520    20876    10759    52139   489311   409236   906094  6794858   729243        0
1996   11  v01  10628571    43282    61901   378568   738025   600620  1088806  6929953   750859    31266
1996   12  v01  13214088   354954   324665  1231147   830728   937937  1511247  7158209   750859    67799
1997    1  v01  14381277   648647   539976  1233463  1058705  1119539  1765946  7158209   750859    52539
1997    2  v01  15491553   908446   725891  1233463  1375552  1077838  1954259  7158209   750859   224717
1997    3  v01  15572381   978856   769298  1233463  1454056  1002582  1902297  7158209   750859   257193
1997    4  v01  14567099   534851   588107  1233463  1229718   920284  2003507  7158209   750859   101687
1997    5  v01  13263608    87730   276608  1233463  1029020   862788  1828846  7136203   750859    29214
1997    6  v01  11842922    18725    17498  1140388   820878   760321  1362760  6990661   731687        0
1997    7  v01   9808242        0      602   565225   438060   636936   835736  6641782   689897        0
1997    8  v01   7173485        0        0    19501    52589   445769   264275  5900438   490911        0
1997    9  v01   6607101        0        0     3050    50126   395802   118992  5549871   489257        0
1997   10  v01   8682248     1141        0    53332   337825   502967   505352  6575003   706625        0
1997   11  v01  10852846    14842    25155   534288   588108   708147  1400313  6820964   750859     9008
1997   12  v01  13212682   325717   447384  1231727   777244   854833  1639509  7158209   750859    13565
1998    1  v01  14727412   806557   780717  1233463  1080262   989846  1839120  7158209   750859    50947
1998    2  v01  15749983  1149292   934794  1233463  1270577   962924  2003230  7158209   750859   209690
1998    3  v01  15648036  1224014   851444  1233463  1288015   866087  2070447  7158209   750859   115980
1998    4  v01  14958754   821564   689218  1233463  1222556   845984  2081607  7158209   750859    62819
1998    5  v01  13862883   370288   442192  1233463  1052297   777571  2000612  7158209   735230    45077
1998    6  v01  11950113    71001    41570   954375   737624   763570  1760732  6932744   685351     3141
1998    7  v01   9678057        0      602   180153   409736   620796  1237815  6583985   644966        0
1998    8  v01   7561454        0        0    68266    62663   424005   619943  5899285   487290        0
1998    9  v01   6628544        0        0    14033    64912   372902   507763  5423934   244997        0
1998   10  v01   8883698    17372     3032    23132   182254   482334  1252149  6287907   635513        0
1998   11  v01  10806451    72933    36846   168092   565384   553061  1598483  7031695   750859    26752
1998   12  v01  13343930   588031   403041  1194534   772410   650694  1737106  7158209   750859    47156
1999    1  v01  14536401   810036   673718  1233463  1109441   708076  1858455  7158209   750859   132975
1999    2  v01  15439294  1162117   838905  1233463  1249009   707116  1941708  7158209   750859   228711
1999    3  v01  15465600  1234867   902411  1233463  1245481   670141  1901045  7158209   750859   191013
1999    4  v01  15205335  1148209   904810  1233463  1133527   713973  1981922  7158209   750859    67483
1999    5  v01  13922839   425229   594190  1230513  1063704   668967  1950003  7158209   750859    46139
1999    6  v01  12189955   116915    86142   970167   865493   571563  1711583  7136695   727734     3659
1999    7  v01   9650489        0     1204   188166   418167   387283  1179323  6806547   669797        0
1999    8  v01   7438211        0        0   113949   134118   318764   715352  5649832   506193        0
1999    9  v01   6300339        0        0    21493    76542   342512   353498  5148789   357503        0
1999   10  v01   9126790    18511     3032    58527   194270   454848  1038622  6688181   670795        0
1999   11  v01  11043420    41565   194036   356972   691558   561673  1281638  7138529   750859    24244
1999   12  v01  12957947   223779   693807  1104393   833506   634647  1468146  7158209   750859    48238
2000    1  v01  14492668   777558   924650  1233463  1140422   678402  1642954  7157552   750859   106585
2000    2  v01  15257601  1244168   824505  1233463  1344230   723977  1668132  7158209   750859   201039
2000    3  v01  15338239  1361599   764994  1233463  1385978   718416  1738410  7158209   750859    97888
2000    4  v01  14720038   947908   760122  1233463  1195312   803349  1720405  7158209   750859    45131
2000    5  v01  13262196   240386   491886  1233463  1031995   771786  1502659  7158209   750859    42517
2000    6  v01  11798054    54442    79034  1090505   762191   727397  1274855  7076083   730407     3136
2000    7  v01   9811440        0      602   495100   351415   596028   794101  6850189   724001        0
2000    8  v01   7274801        0        0    81137    57541   407838   282429  5922072   523781        0
2000    9  v01   6372478        0        0    15902    66852   350261   173927  5380087   385446        0
2000   10  v01   8939731    16312     2426    32480   185841   440365   616320  6898210   747772        0
2000   11  v01  10590581    70068    35953   437610   578375   543856  1051938  7094705   750859    23710
2000   12  v01  12886634   571539   251825  1232307   754611   701591  1388805  7151653   750859    54271
2001    1  v01  14364860  1104809   552588  1233463  1111255   830368  1521530  7157554   750859    60745
2001    2  v01  15343862  1536210   506540  1233463  1303738   858591  1681750  7158209   750859   184714
2001    3  v01  15676101  1583308   609278  1233463  1199218   932633  1864067  7158209   750859   188484
2001    4  v01  14938272  1066255   630012  1233463  1164675   912749  1858591  7158209   750859    81942
2001    5  v01  13780220   595675   430301  1233463  1073786   833661  1643291  7158209   750859    40503
2001    6  v01  11753993   147626    12638   969304   769622   725940  1310610  7095868   718723     3659
2001    7  v01   9284902        0      602   183330   400955   461249   697906  6857298   683559        0
2001    8  v01   7533087        0        0    90398    61277   252419   294388  6260079   574523        0
2001    9  v01   6789687        0        0    16510    68909   162746   169459  5925249   446810        0
2001   10  v01   8599373    16824     3029    25773   149845   376711   506462  6851797   668928        0
2001   11  v01  10957743    39924   192122   391146   563065   553112  1279660  7158209   750859    27302
2001   12  v01  12919793   411756   540872  1051332   769790   669737  1478849  7158209   750859    41155
2002    1  v01  14525582   935817   778038  1233463  1026880   775481  1676680  7158209   750859    80283
2002    2  v01  15427448  1210259   925624  1233463  1222518   795353  1794214  7158209   750859   235120
2002    3  v01  15498879  1302951   750233  1233463  1334704   849068  1802192  7158209   750859   221713
2002    4  v01  14434964   965875   512065  1233463  1197688   766929  1741550  7158209   750859    44769
2002    5  v01  13178340   340998   268617  1233463  1015975   708757  1649170  7158209   750859    35323
2002    6  v01  11772362    49318    34263  1155830   717029   648184  1441264  6983627   741272     1570
2002    7  v01   9579832        0      602   465189   339412   367130   912766  6753457   741273        0
2002    8  v01   6570022        0        0    63206    56361    98672   327153  5419237   605391        0
2002    9  v01   5992731        0        0    15282    54024   142626   418419  4907065   455313        0
2002   10  v01   8817552    17374     3029    18302    85810   318144   961092  6687281   726516        0
2002   11  v01  10818510    38050    26969   547083   451662   469306  1432912  7068263   750859    26219
2002   12  v01  12900690   399743   231200  1233463   752733   572479  1658320  7158209   750859    42005
2003    1  v01  14537004  1016757   507542  1233463   957534   735938  1882014  7158209   750859   128024
2003    2  v01  15302459  1211529   659062  1233463  1261333   665963  1880208  7158209   750859   277260
2003    3  v01  15570287  1227537   672411  1233463  1345232   758658  1939923  7158209   750859   296466
2003    4  v01  14646641   916183   485840  1233463  1226537   720085  1928539  7158209   750859    97323
2003    5  v01  13085384   198838   115908  1232875  1003591   728971  1809980  7145858   750859    54646
2003    6  v01  11854044    54819    34324  1095962   694294   639449  1638681  6963793   731146     1570
2003    7  v01   9520217        0        0   350369   229071   439220  1204652  6600057   696844        0
2003    8  v01   6937378        0        0    44580    51837   179058   666092  5410780   585029        0
2003    9  v01   6196490        0        0    16503    48822   151802   570979  4862735   545646        0
2003   10  v01   8663986    16274     2426    22018    72143   400976   909233  6609461   631451        0
2003   11  v01  10332597    38870    25225   179687   484280   478535  1355839  6991807   750859    25755
2003   12  v01  12891191   409827   283830  1141920   738911   673523  1651341  7158209   750859    45111
2004    1  v01  14112810   865679   472379  1233463   910245   709280  1803466  7158209   750859   104581
2004    2  v01  15011462  1084882   699015  1233463  1045134   850163  1868205  7158209   750859   186848
2004    3  v01  15116590  1083766   707904  1233463  1135437   838688  1866069  7158209   750859   205393
2004    4  v01  14181789   619426   685785  1233463  1100223   670364  1793952  7158209   750859    90376
2004    5  v01  12644789   182808   169563  1226596   913778   595023  1596570  7147699   750859    35303
2004    6  v01  11583515    56983    31134  1158145   655027   568002  1358459  7012028   742688     1045
2004    7  v01   9653583        0        0   610119   390261   411055   814294  6727269   700581        0
2004    8  v01   6871391        0        0   118125    79891   137940   318528  5618266   598638        0
2004    9  v01   6092483        0        0    20267    52151   146287   223347  5095726   554702        0
2004   10  v01   8498991    15725     3032    45591    74094   345603   828169  6438472   748301        0
2004   11  v01  10674732    33172    45498   486589   577986   481740  1319404  6949370   750859    27767
2004   12  v01  12804227   393305   356704  1233463   807300   584012  1431181  7158209   750859    55715
2005    1  v01  13758700   731256   488017  1233463  1135135   607756  1483836  7157554   750859   130710
2005    2  v01  14445547   942809   644270  1233463  1237181   716920  1472545  7150337   750859   199026
2005    3  v01  14805260   962078   653499  1233463  1146855   794400  1727607  7158209   750859   219307
2005    4  v01  14148165   598731   691869  1233463  1039493   748361  1747625  7158209   750859    93669
2005    5  v01  13065544   283982   330381  1233463   891332   703877  1658021  7158209   750859    33770
2005    6  v01  11384337    78187    36256  1085292   682877   665631  1224777  6886440   722252     2620
2005    7  v01   8994460        0        0   210390   360924   513923   683774  6523478   701968        0
2005    8  v01   6329896        0        0    21761    40010   314640   154052  5202377   597053        0
2005    9  v01   5602486        0        0    12816    50180   360440    66711  4639535   472802        0
2005   10  v01   8480604    19168     2426    17658   196885   501143   756233  6300756   686331        0
2005   11  v01  10523969    27201   143409   370255   512404   602096  1050530  7035595   750859    29274
2005   12  v01  12552932   159162   554065  1231727   735011   637763  1243227  7154276   750859    52800
2006    1  v01  13691145   547127   802312  1233463  1026841   649462  1417578  7133930   750859    58739
2006    2  v01  14491078   880907   837739  1233463  1153086   691547  1514633  7154272   750859   134266
2006    3  v01  14507305   861598   690403  1233463  1058360   739270  1673489  7158209   750859   137743
2006    4  v01  14040346   629969   741223  1233463  1031891   706923  1604768  7158209   750859    62246
2006    5  v01  12683973   205798   575937  1222115   905018   637056  1175874  7143114   750859    39838
2006    6  v01  11135551    58047    63052   919393   637767   625814  1023116  7083745   720951     3663
2006    7  v01   8736436        0        0   155730   255358   476327   457903  6723472   667645        0
2006    8  v01   6562867        0        0    22777    55585   257245   189435  5556386   481436        0
2006    9  v01   5960992        0        0    12171    59834   308175   237208  5013012   330590        0
2006   10  v01   8353281    15139     2426    19421    78708   474477   940235  6338908   483962        0
2006   11  v01   9893843    32029    45062   134216   413911   565177  1088778  6838250   750859    23214
2006   12  v01  12338307   357385   303133  1141203   762212   608905  1207988  7133939   750859    40651
2007    1  v01  13854933   888997   680559  1233463  1028237   687214  1339378  7148370   750859    73056
2007    2  v01  14622193  1133512   606063  1233463  1125603   717908  1598058  7158209   750859   187863
2007    3  v01  14727172  1034762   837483  1233463  1197180   709271  1506319  7158209   750859   206187
2007    4  v01  13948850   588698   716062  1233463  1170323   769074  1452436  7158209   750859    70623
2007    5  v01  12955170   228300   423029  1223922  1081260   723520  1311986  7156928   750859    38368
2007    6  v01  11591411    51380    12606  1165241   814050   701324  1199689  6915001   729501     2614
2007    7  v01   8189283        0        0   178301   309171   489617   558853  5996387   656952        0
2007    8  v01   5407199        0        0    70752    46470   372836   251211  4320395   345533        0
2007    9  v01   4333009        0        0    13430    59858   419852    72135  3497763   269967        0
2007   10  v01   6796797    15175     2426    25735   115777   512444   268350  5181080   675805        0
2007   11  v01  10099112    29431    23800   423903   573176   603737   885819  6781307   750859    24733
2007   12  v01  12450670   235784   254728  1233463   915099   677910  1178873  7135900   750859    42133
2008    1  v01  14102053   814487   648246  1233463  1331641   725578  1276468  7153619   750859   121509
2008    2  v01  15050141  1127038   881582  1233463  1482173   762042  1379343  7158209   750859   223276
2008    3  v01  15271492   989130  1021639  1233463  1550061   739556  1511844  7158209   750859   246957
2008    4  v01  14458039   585741   921201  1233463  1333037   778684  1553203  7158209   750859    96888
2008    5  v01  13232120   270993   581988  1233463  1033978   746412  1408569  7158209   747110    35829
2008    6  v01  11410629    52111     9630  1059177   682780   684730  1188413  7021658   709508     2620
2008    7  v01   9011011        0     1204   381080   314135   455389   705882  6486060   667258        0
2008    8  v01   6070610        0        0    85033    40391   282644   229227  4983644   449668        0
2008    9  v01   4748170        0        0    14028    63027   218972   102757  4011802   337582        0
2008   10  v01   8428145    20884     3631    38823   164457   419143   479870  6648540   652793        0
2008   11  v01  10654114    37723   101045   339905   650812   563841  1063814  7118890   750859    23720
2008   12  v01  12567900   175281   392559  1233463   920338   607677  1263838  7152307   750859    41180
2009    1  v01  14142161   584476   788899  1233463  1145591   727090  1538177  7158209   750859   165820
2009    2  v01  14889099   913829   879219  1233463  1275337   734352  1576519  7158209   750859   261509
2009    3  v01  15176707   937789   914288  1233463  1422416   750744  1638688  7158209   750859   267938
2009    4  v01  14612062   527894   969503  1233463  1330770   740900  1754138  7158209   750859    75302
2009    5  v01  13431404   286133   510710  1231072  1143097   689750  1593586  7158209   750859    32318
2009    6  v01  11515048    64073    33130  1157874   650377   607848  1248197  7013380   738073     2094
2009    7  v01   8838217        0        0   527480   279171   389458   656124  6289229   696752        0
2009    8  v01   6289545        0        0    49777    41720   313769   237040  5065201   582035        0
2009    9  v01   5396943        0        0    14674    58410   329493    97667  4450915   445781        0
2009   10  v01   7538180    21431     3034    51176   111280   461599   145694  6047454   696508        0
2009   11  v01  10278036    45135   150582   259519   648880   544082   805545  7048715   750859    21212
2009   12  v01  12563212   278617   451475  1200974   767660   581268  1321405  7130654   750859    42567
2010    1  v01  13843886   671025   704068  1233463   952114   688981  1517990  7146406   750859    40081
2010    2  v01  14643721   957895   861754  1233463  1003921   710900  1631153  7158209   750859    86807
2010    3  v01  15155907  1101753   968612  1233463  1093456   769894  1807815  7158209   750859    37407
2010    4  v01  14738950   883989   883229  1233463  1091970   741770  1809212  7158209   750859    35192
2010    5  v01  13167490   368890   551675  1215209   942683   705059  1389147  7158209   750859    41863
2010    6  v01  10860236    74067    18038   867241   677256   594492  1033562  6917081   676402     2094
2010    7  v01   8383448        0        0   159524   295039   405129   479640  6397204   646910        0
2010    8  v01   6036453        0        0    30251    46537   260920    79922  5198507   420314        0
2010    9  v01   4944972        0        0    14048    68036   270991    73505  4244349   274041        0
2010   10  v01   7724151    20837     3034    20132   102333   404272   410089  6152349   611101        0
2010   11  v01   9898522    33021    18555    57571   402739   530981  1138250  6942324   750859    20693
2010   12  v01  12075113   172143   227760   805486   603219   668704  1512557  7158209   750859    59512
2011    1  v01  13637669   595886   649380  1196775   717715   702368  1655098  7158209   750859    44028
2011    2  v01  14432613   904706   716510  1233463   945299   690152  1728248  7158209   750859    72548
2011    3  v01  14635642   970277   679756  1233463  1153137   763774  1651823  7158209   750859    85427
2011    4  v01  14191547   752170   666606  1233463  1104600   725856  1637228  7158209   750859    37935
2011    5  v01  12881422   250404   319122  1211406   939877   692857  1471299  7158209   750859    34814
2011    6  v01  11040290    53353    10809   964431   758905   672434   939038  6894674   744548     2096
2011    7  v01   7940449        0        0   170526   204701   578987   335705  5961356   689172        0
2011    8  v01   5569016        0        0    49956    33266   376825   105982  4677218   325766        0
2011    9  v01   4644324        0        0    15259    55484   330940    62918  3943380   236340        0
2011   10  v01   7160816    23607     3034    31315   273218   413498   226646  5523657   665838        0
2011   11  v01  10043825    50040   101374   175718   584125   532650   871237  6947061   750859    27280
2011   12  v01  12460382   417745   479467  1142072   824530   630582   974369  7158209   750859    39565
2012    1  v01  13814771   723189   838580  1233463  1152965   614815  1249746  7131302   750859    67573
2012    2  v01  14638228  1087254   983004  1233463  1256245   712393  1194474  7113585   750859   151914
2012    3  v01  15274832  1198992  1079723  1233463  1495734   696717  1425139  7132617   750859   126350
2012    4  v01  14750444   903460  1075389  1233463  1259394   756603  1478532  7158209   750859    44562
2012    5  v01  13162733   302432   691587  1230480  1042715   772701  1160934  7158209   750859    34344
2012    6  v01  10965157    68278    77113  1079219   643508   746278   639570  6962479   747663     1045
2012    7  v01   7957617        0      602   205496   142214   494808   200496  6213978   700019        0
2012    8  v01   4715256        0        0    48358    34492   339942    68156  3900490   323817        0
2012    9  v01   3640538        0        0    13420    47101   319990    61651  3013793   184581        0
2012   10  v01   7066891    23058     3006    20701    71345   477031   141567  5712588   617591        0
2012   11  v01   9947275    40102   151871   333795   490646   555101   480053  7115583   750859    25785
2012   12  v01  12257548   200205   487183  1223250   761605   622169   987139  7112939   750859    42608
2013    1  v01  13863923   768536   718099  1233463  1073285   660129  1369042  7108271   750859    65004
2013    2  v01  14747772  1004678   922364  1233463  1203013   714917  1481811  7140488   750859   147823
2013    3  v01  15097002  1138917   928126  1233463  1156354   743075  1705909  7158209   750859    90961
2013    4  v01  14408897   645680   852916  1233463  1104752   796520  1690521  7158209   750859    42999
2013    5  v01  13127702   301483   536279  1233463  1044194   716578  1342045  7141422   750859    34812
2013    6  v01  11604618   100305    54407  1147215   808831   666588  1046293  7042083   736795     2097
2013    7  v01   8454703        0        0   227785   213220   334872   465651  6484686   728485        0
2013    8  v01   6106096        0        0    67725    55489   198621   186277  5044156   553826        0
2013    9  v01   5363971        0        0    15280    71146   186720   118134  4514192   458496        0
2013   10  v01   8137873    20811     3635    31864   113766   391689   523297  6408669   644139        0
2013   11  v01  10267777    45093    43778   438802   553296   579764   835286  6990697   750859    27300
2013   12  v01  12445272   103292   244088  1233463   907356   684979  1264538  7158209   750859    57634
